SHCI(epsilon=1e-4):       -17491.3339052014 
QSCI:                     -17491.91065
QiankunNet-QSCI:          −17492.218056
TrimCI(Ref.46):           -17491.50
DMRG(D=1000):             −17492.190311
DMRG(D=2000):             −17492.206725
DMRG(D=3000):             −17,492.213953
DMRG(D=4000):             −17492.218127
DMRG(D=5000):             −17492.220847
DMRG(D=14000):            −17492.229797
DMRG(extrapolation):      −17492.236408
