0.3019332804483638 0.0013222603155050305 0.0005601128690291279 0.0003062923236112902 0.0018384998664654484 0.0015378445195656232 0.000509609703562397 0.0011869830667748937 0.0034837094402998536 0.001835495706325574 0.0020057350670331653 0.0004246522407578279 0.0003952021097850533 0.00036747792916758115 0.0013265139207657706 0.00010437435584687016 0.0018512523731315511 0.00012225501212659307 0.001588827874289267 6.582830326307132e-05 0.002105837010532685 8.049700424506145e-05 0.000671032391819093 1.4673882620108714e-07 0.0007030082294150475 2.0972144298969653e-07 0.0019088794821454647 0.0007513394784299798 0.0015552270725864847 0.0006307613504699106 0.002061774719342213 0.0012652119278564466 0.0017089839296473563 0.0011399047995599432 0.0017102582887876805 0.0011580082113928913 0.0003654882417804539 3.5542040597302815e-06 0.0003884889096802402 1.6328894791861615e-07
0.0013222603155050305 0.11487101947849893 0.0003112677661098462 6.009199919887465e-06 0.0023960119968005067 0.0008332822159007325 0.002062499394929085 0.001101596296326779 0.002672733060461452 0.0006853497868398728 0.0008938492393236741 0.002322993141701035 0.0015053779504795584 0.0003750748255380021 0.0001443453514031745 0.00019617357379281275 0.0001728463486732057 0.0002614900044878854 5.570835484425274e-05 0.0002962230861375814 8.616997969973506e-05 0.0003251837806695357 2.5942956896896074e-05 0.00039808969673971184 2.1118093009309113e-05 0.000392072540942201 0.002827125661906682 0.003981503239084749 0.0033404981721122384 0.0016315910882459539 0.004416352653485389 0.003885387022846465 0.003923040084937601 0.002277134665006786 0.004014972174729903 0.0021312778446112013 0.00017824405887739703 0.0003614224749375339 0.0002350374887274409 0.0003894799060507048
0.0005601128690291279 0.0003112677661098462 0.30863914358221844 0.001362532353062551 0.0008090098018098679 0.001332182543558158 0.00043653904279061795 0.0011880732374939251 0.0020489854118326267 0.00043394334869184537 0.003657788557800634 0.0018538238310130684 0.0013261347913832155 0.0004756442426102625 0.001774283973920765 0.00011214148656746303 0.0015328284572004858 0.00011735010392910361 0.0022485475581852654 7.910660619558918e-05 0.0016068047266186714 7.116238793802854e-05 0.0007354088408203507 4.847583021660995e-07 0.0006642871822984953 2.0621773844098357e-08 0.002011853817838083 0.0007671668174150659 0.0015938750725787987 0.0006906560813374485 0.0020623196865209303 0.0012349002184116609 0.0016966702771004094 0.0010508365565324862 0.0017287135511311336 0.0012533427832880362 0.0004143567370449852 1.9698867925743713e-07 0.0003611991468794318 3.232554034449109e-06
0.0003062923236112902 6.009199919887465e-06 0.001362532353062551 0.12034576323596899 0.0021578335705623175 0.001036442630712564 0.0018315635494982052 0.0011606201449629872 0.0009075634926156706 0.002307667972976546 0.0026258063656605657 0.0006437119451671025 0.0018431906649638563 0.00018423947998713608 0.00015491001332512688 0.0002823419911878733 0.0001569328385394586 0.00024566580588725184 7.800360704468545e-05 0.0003574198220638314 5.288617871823664e-05 0.00032670167325465904 2.368283710829644e-05 0.00042490331865574493 2.416328070986573e-05 0.00042955254641752205 0.0028392845357165797 0.004591952303072966 0.003344507442289868 0.0018142568124496217 0.0043918250219064925 0.003485374226919191 0.003859828934599796 0.001968224747505243 0.004009276754628477 0.0021507491746944885 0.0002300246957305241 0.0004187826150586771 0.00018053308318577432 0.00036784851140780894
0.0018384998664654484 0.0023960119968005067 0.0008090098018098679 0.0021578335705623175 0.6408128649953888 0.1760481524666795 0.0026338928233391457 0.017117641178280074 0.0037955992074512057 0.016778705668625715 0.0026757004674704543 0.016861257320227585 0.00020607188415100453 0.015105622699645771 0.0005663469359302731 5.9358109568252715e-05 0.000952037006856532 0.0003732376304831364 0.07914174615100733 1.1147830969449046e-07 0.0002601065165959149 2.1977485260671337e-05 7.058470040566256e-06 0.0025493291498828174 0.00010360203124304412 0.00012988699467575415 0.015945591540458937 0.012092573212401758 0.026162775048817366 0.012016471369446391 0.03565266937803968 0.025966402038059222 0.03658374988189972 0.016311210326261705 0.031602683432873535 0.02242871777234856 0.002153084900348823 0.0012293247256360829 0.0021126965731159686 0.0011352995003257593
0.0015378445195656232 0.0008332822159007325 0.001332182543558158 0.001036442630712564 0.1760481524666795 0.4247878476865241 0.017049292025483 0.019961654097622072 0.016492593428635294 0.020478579313314982 0.01666815425280843 0.020014506892380712 0.012516678087661104 0.011977246624717774 4.297325438518129e-05 0.00023895245301297496 6.993376909902871e-05 0.00017978056003220555 0.0008960185633458684 0.003490071331240019 0.00030365227146911256 0.0002031825179665825 0.0016925575354576061 0.0007181375409823776 0.0011408200844879035 0.0010589710520864104 0.029423330896070188 0.017936677798346734 0.03828652577840552 0.02505938229347282 0.053098137175608295 0.03893428802067622 0.04658717237509746 0.03683985167698545 0.04836556587470697 0.031596024275327705 0.003971336008593895 0.001716847486683215 0.003988174700821356 0.0017028530833942401
0.000509609703562397 0.002062499394929085 0.00043653904279061795 0.0018315635494982052 0.0026338928233391457 0.017049292025483 0.642404398695647 0.17331700662888427 0.002597104376962811 0.016749223534610058 0.003451992578830776 0.016606796495644005 0.00014982328830592806 0.015077366018025229 0.00012327364439057575 0.00042510375804816203 0.00027751624336125325 2.0569640244216814e-05 0.0001990599905867807 1.1168973030883933e-05 0.06590477229581271 5.100109488065385e-07 7.360769650732735e-05 0.00017432829262387095 0.00035069854495939357 0.0022452207157197535 0.015642193293620155 0.012183189822921658 0.028052320572960365 0.016290871792347783 0.0349500257855464 0.021305996928133064 0.029817722409809955 0.02083963611363937 0.03663921041376805 0.016104996508989444 0.001978272405971926 0.0010587624970295195 0.002259614967275003 0.0011495093403817158
0.0011869830667748937 0.001101596296326779 0.0011880732374939251 0.0011606201449629872 0.017117641178280074 0.019961654097622183 0.17331700662888427 0.4259311572904725 0.01666185425958 0.01988773488639206 0.016335261400076906 0.020064181584801832 0.012586674311277246 0.011706405569699374 9.907552361432259e-05 6.381586645143322e-05 7.606799024717503e-05 0.0002172911086821827 0.0003076660927898711 0.0002078118395052453 0.0006661352012071742 0.003046937220705037 0.0012035615831195168 0.0010475884980941652 0.0016064695976582 0.0009805350457083861 0.02907326153621692 0.01741520234278382 0.04065302537467508 0.026793708465889132 0.050559923475851254 0.03804184051457837 0.04624236190530484 0.02989074701948269 0.04665112197352472 0.03644355498373164 0.0038627309158071332 0.0016905352107202676 0.003941807736632663 0.001706135545253007
0.0034837094402998536 0.002672733060461452 0.0020489854118326267 0.0009075634926156706 0.0037955992074512057 0.016492593428635294 0.002597104376962811 0.01666185425958 0.6397453500189567 0.17183954393217882 0.002599396413168087 0.0166993802049058 0.00042063327790131666 0.014084994643709159 4.29730944162543e-08 0.0003558488272064064 0.01878387024487771 0.0005513690037161068 0.00040949157581149365 1.8023097159147738e-06 0.00015634628999439126 0.0006314780721876634 2.0751129301666005e-05 0.0002462092335335786 0.010802127716831311 0.0009325355290135118 0.017459687921569156 0.012071118295984729 0.02955488368476278 0.017047714648274592 0.036757235857658 0.023261044879535397 0.032290346281294235 0.02074958348588596 0.03128993457743756 0.015707031566276175 0.0028073385943510054 0.0009419880921388568 0.0024212132783762996 0.0008705808872335741
0.001835495706325574 0.0006853497868398728 0.00043394334869184537 0.002307667972976546 0.016778705668625715 0.020478579313314982 0.016749223534610058 0.01988773488639206 0.17183954393217882 0.4279303450087891 0.016660730867966933 0.0200119098507614 0.01234420085818666 0.012001295877622109 9.66451006552127e-05 1.8564800969400608e-05 0.001552850815416118 0.00019997600976862095 0.0003015351123555332 0.00011149072400329363 0.00019771717806404965 0.00013619173971046727 0.0011843867522809415 0.0009290212321544367 0.0010389505610709504 0.0026467496882530694 0.028867447383536526 0.017734424046508712 0.04113054622150658 0.02789936796377801 0.0514732257353544 0.03977005689724644 0.04668754182072632 0.032039636453304654 0.044722739006539 0.030947990845565654 0.0038505852235430904 0.001838557066559443 0.003884617625985465 0.0017897710509147124
0.0020057350670331653 0.0008938492393236741 0.003657788557800634 0.0026258063656605657 0.0026757004674704543 0.01666815425280843 0.003451992578830776 0.016335261400076906 0.002599396413168087 0.016660730867966933 0.6411343112719203 0.16986834428644126 0.0004229155261334938 0.013971051417330571 0.024046775340163418 0.0006821184888214926 5.906647636999551e-06 0.0003375181806855032 6.270255195239827e-05 0.000739305547135638 0.0002392260515255984 4.822400902604329e-06 0.010520531528956267 0.0008953362402028819 2.836867789812736e-05 0.00027923120656603295 0.01715141685372079 0.011716700149503101 0.03159128957268709 0.015303026635881345 0.03501493132710509 0.024767797151537208 0.030730726745509918 0.015840174574291543 0.03139285497578137 0.020628321598227473 0.0023024531240882773 0.0008800214077016033 0.0027846362770934663 0.0009197159350206041
0.0004246522407578279 0.002322993141701035 0.0018538238310130684 0.0006437119451671025 0.016861257320227585 0.020014506892380712 0.016606796495644005 0.020064181584801832 0.0166993802049058 0.0200119098507614 0.16986834428644126 0.4275351646536436 0.012294503528344602 0.011945430043995064 0.0016900475306304008 0.0003944853613148114 0.00010282598501543116 3.456460294115615e-05 0.0002918592942134923 7.15504633170827e-05 0.00027707489267492225 0.00012328264199890082 0.0010784123629631326 0.0026593505198476697 0.0012173854850365817 0.0009868702524139517 0.02855597655724318 0.017437057929855726 0.040550424755268266 0.029913755414833876 0.051595550642243415 0.0379920199963355 0.04393868543192525 0.03065274067067314 0.04683591109505425 0.031066177117231808 0.0038317667280575174 0.0017883846303428097 0.0038625508087660743 0.0018209961959900767
0.0003952021097848313 0.0015053779504795584 0.0013261347913832155 0.0018431906649638563 0.00020607188415100453 0.012516678087661104 0.00014982328830592806 0.012586674311277468 0.00042063327790131666 0.01234420085818666 0.0004229155261334938 0.012294503528344602 0.6843459417294655 0.10209165034142331 0.001320008250780269 0.00024234777495246718 0.004226226885065687 0.000350852662714507 0.0028111991274861747 4.130651723843748e-05 0.0028619023689719914 7.770467019141414e-05 0.016143059228096668 2.0079959315300044e-06 0.011408940638262921 2.3423976650338574e-05 0.0439205627370538 0.018749202143606647 0.013792680217024955 0.009612934809617002 0.021575543277738474 0.014929262200941595 0.017235534116710527 0.012226211110085483 0.018080999533300446 0.01195465964525777 0.0044353052866098475 0.0007592381747260069 0.004024043314275194 0.0007542734882689528
0.00036747792916758115 0.0003750748255381131 0.0004756442426102625 0.00018423947998713608 0.015105622699645771 0.011977246624717774 0.015077366018025229 0.011706405569699374 0.014084994643709159 0.012001295877622109 0.013971051417330571 0.011945430043995064 0.10209165034142331 0.4497086739055415 5.945214066416238e-05 0.0006382228556168767 2.119848721671147e-05 0.0010987675334568348 0.0008987498656738424 5.012536124060496e-05 0.0009139302077187939 4.822481754773733e-05 0.00029902999497533056 0.0032480344770520198 0.00034285139760359407 0.0026535636480835567 0.032734912429069674 0.044071308325625 0.024938105627305363 0.01166264452132304 0.032429579773791684 0.02461002559770753 0.02892413499543034 0.015492821987366234 0.02939217514451753 0.016004891755381667 0.0028080231635887465 0.001989733626886925 0.0028301779271534544 0.0019129030364305466
0.0013265139207657706 0.0001443453514031745 0.001774283973920765 0.00015491001332512688 0.0005663469359302731 4.297325438518129e-05 0.00012327364439057575 9.907552361432259e-05 4.2973094194209693e-08 9.66451006552127e-05 0.024046775340163418 0.0016900475306304008 0.001320008250780269 5.945214066416238e-05 0.4471998194813174 0.0015408971070082211 0.0020716637460241882 1.5847863318319e-06 0.00538346461916106 0.0029120793171240056 0.0014142469375840738 0.0002944454443541966 0.0036285861893526894 0.0017263896394298373 0.006027700471526787 0.0006785955976147395 0.0027257503243954817 1.4424499678256097e-05 0.002568978112444942 0.0009425174549027027 0.0009487585312007996 0.0002935674689910073 0.000998406243708505 0.0021395488958464437 0.001040004008816653 0.00012815409391286892 0.00041582473069545767 9.717641802353683e-09 0.00038528767956669263 1.75160889792636e-07
0.00010437435584687016 0.00019617357379281275 0.00011214148656757406 0.0002823419911879288 5.9358109568252715e-05 0.00023895245301308599 0.00042510375804816203 6.381586645143322e-05 0.0003558488272064064 1.8564800969400608e-05 0.0006821184888214926 0.0003944853613148114 0.00024234777495246718 0.0006382228556168767 0.0015408971070082211 0.35021226144113626 2.1737273365740606e-06 0.0004451204584732249 0.0019582597763584397 0.0033659984562706136 0.00031595461353106646 0.0006389624124781834 0.0007179508370960264 0.003681990894374265 0.000872728773840703 0.006065784242024863 0.00032259170094506295 0.012267703247545114 0.0012641875828141025 0.006821991132339278 0.00099747563727004 0.00044410026725005824 0.0015706555811203504 0.00039711915343199067 0.0011253173558524177 0.00010414531908475855 2.2699654475932807e-05 0.0006678250946047237 2.0169976581163596e-05 0.0007008064840551276
0.0018512523731315511 0.0001728463486732057 0.0015328284572005968 0.0001569328385394586 0.000952037006856532 6.993376909902871e-05 0.00027751624336125325 7.606799024717503e-05 0.01878387024487771 0.001552850815416118 5.906647636999551e-06 0.00010282598501543116 0.004226226885065687 2.119848721671147e-05 0.0020716637460241882 2.1737273365740606e-06 0.4480700701032849 0.0016135390241968084 0.0014445878016626779 0.00030053196751622657 0.005476518435809541 0.002980369229124813 0.005875035563094988 0.0006762470359982231 0.0037190313053192536 0.001776401899897695 0.003177361771382947 5.529705624063297e-06 0.0012890215295263685 0.0003041803460803738 0.0022915159956646836 0.0008079045876734359 0.001066657974638452 0.000192597763171376 0.0007076171566426925 0.002627974102812125 0.0004276825132487616 5.157530836852331e-07 0.0004058211769520925 1.9517697535942347e-07
0.00012225501212659307 0.0002614900044878299 0.00011735010392910361 0.00024566580588725184 0.0003732376304831364 0.00017978056003231657 2.0569640244216814e-05 0.0002172911086821827 0.0005513690037161068 0.00019997600976862095 0.0003375181806855032 3.456460294115615e-05 0.000350852662714507 0.0010987675334568348 1.5847863318319e-06 0.0004451204584732249 0.0016135390241968084 0.34778099979383914 0.00031482948655447984 0.0006311870231247019 0.0019852218577058878 0.0033634091312590986 0.0008682099881717198 0.00584629666200831 0.0007321610870599793 0.0036752698063445832 0.00031779392023045805 0.015410241817902293 0.0013954846446962987 0.00011545802238632774 0.0009296474643244457 0.010887581620280695 0.0012325203431804432 7.343245095925433e-05 0.0017344631941524913 8.220975566963773e-07 2.4283522754409148e-05 0.0007395912833184637 2.733317920622369e-05 0.0006791586228320767
0.001588827874289378 5.570835484436376e-05 0.0022485475581852654 7.800360704462994e-05 0.07914174615100733 0.0008960185633458684 0.0001990599905867807 0.0003076660927898711 0.0004094915758112716 0.0003015351123555332 6.270255195239827e-05 0.0002918592942134923 0.0028111991274861747 0.0008987498656738424 0.00538346461916106 0.0019582597763584397 0.0014445878016626779 0.00031482948655447984 0.3616590927432375 0.003868583042932805 0.0017227357407947341 0.0007354796412789577 0.0033685308683738535 0.0029411311685668684 0.0006378924935688257 0.000306063476516627 5.6032922192805756e-05 6.606362417782563e-05 0.00013710746400297236 0.0005972175444757255 0.00015562240323252485 1.1407404705288116e-05 0.003082195385363029 9.806063057116177e-07 0.00020424681233977005 1.830061175667197e-05 0.000324199376229628 6.971508126185633e-05 0.00033333622717851563 7.939495684250453e-05
6.582830326307132e-05 0.0002962230861375814 7.910660619558918e-05 0.0003574198220638314 1.1147830969449046e-07 0.003490071331240019 1.1168973030883933e-05 0.0002078118395052453 1.8023097159147738e-06 0.00011149072400329363 0.000739305547135638 7.15504633170827e-05 4.130651723843748e-05 5.012536124060496e-05 0.0029120793171240056 0.0033659984562707246 0.00030053196751622657 0.0006311870231247019 0.003868583042932805 0.36024717716018234 0.000742240628634705 0.0017038171227984344 0.001952169809581683 0.0053884690891297105 0.00031284819167831657 0.0014342316986105663 0.0009082025298525753 0.0027234556989770287 0.00022140928298597373 0.00010744464004286414 0.0002618779816532246 8.84899192801214e-05 0.0005785740124552019 0.06441246225148967 0.00031717109875206706 0.00029468144156263865 5.184186855478057e-05 0.0016007701435098998 8.360363762788259e-05 0.0021390241550511835
0.002105837010532685 8.616997969973506e-05 0.0016068047266186714 5.2886178718347665e-05 0.0002601065165959149 0.00030365227146911256 0.06590477229581271 0.0006661352012071742 0.00015634628999416922 0.00019771717806404965 0.0002392260515255984 0.00027707489267492225 0.0028619023689717693 0.0009139302077187939 0.0014142469375840738 0.00031595461353106646 0.005476518435809541 0.0019852218577058878 0.0017227357407947341 0.000742240628634705 0.3598236015925268 0.0038978229855377577 0.0006371595510338279 0.00030027763422824094 0.0033944578366560396 0.002972437446708609 5.63335880600091e-05 4.952428402194009e-05 7.909023478147592e-05 3.0658530236538084e-05 0.00011081062630635685 0.0005801508076734851 0.00023674275913987408 8.13497705021149e-06 0.003471480913089353 2.0641451214942208e-07 0.000355791922186377 7.848637978769002e-05 0.0002964232839697267 6.434765880436455e-05
8.049700424517248e-05 0.0003251837806695357 7.116238793802854e-05 0.00032670167325465904 2.1977485260671337e-05 0.0002031825179665825 5.100109488065385e-07 0.003046937220705037 0.0006314780721875524 0.00013619173971046727 4.822400902604329e-06 0.00012328264199890082 7.770467019141414e-05 4.822481754773733e-05 0.0002944454443541966 0.0006389624124781834 0.002980369229124813 0.0033634091312590986 0.0007354796412788467 0.0017038171227984344 0.0038978229855377577 0.35917298888475757 0.0003174596125213869 0.001424371466703267 0.0019716406422978228 0.0054300598617265106 0.0009079650467321843 0.0027307020695095385 0.00038997869834134224 0.0008514599504245712 0.0002636420851285237 3.072809566240231e-06 0.0003200403116891959 0.00012918590808519426 0.000894152549761773 0.07938199007548508 7.788550996612464e-05 0.002242992978992442 5.2836041237069864e-05 0.0015638399622589505
0.000671032391819093 2.5942956896896074e-05 0.0007354088408203507 2.368283710829644e-05 7.058470040677278e-06 0.0016925575354576061 7.360769650732735e-05 0.0012035615831195168 2.0751129301666005e-05 0.0011843867522809415 0.010520531528956267 0.0010784123629631326 0.016143059228096668 0.00029902999497533056 0.0036285861893526894 0.0007179508370960264 0.005875035563094988 0.0008682099881717198 0.0033685308683738535 0.001952169809581683 0.000637159551033939 0.0003174596125213869 0.3489233742267746 0.0015634292592010546 0.00044311201413704815 1.997472562242919e-06 0.0009870666049486276 0.0003257261610110085 0.0007141658388030159 0.0007532805890111405 0.00018758130506979498 0.0002092513307273558 0.00020627900213265882 1.722871988663055e-05 0.00018785880575111769 0.0003544498054961487 0.0002424041374644581 0.00011393529695180593 0.00026250309762532176 0.0001200664994632783
1.4673882620108714e-07 0.00039808969673971184 4.847583021660995e-07 0.00042490331865574493 0.0025493291498825954 0.0007181375409823776 0.00017432829262387095 0.0010475884980941652 0.0002462092335335786 0.0009290212321544367 0.0008953362402028819 0.0026593505198476697 2.0079959315300044e-06 0.0032480344770520198 0.0017263896394296152 0.003681990894374265 0.0006762470359982231 0.00584629666200831 0.0029411311685668684 0.0053884690891297105 0.00030027763422824094 0.001424371466703267 0.0015634292592010546 0.44764684685597134 1.556952310410864e-06 0.0020964513165149246 2.926881629372602e-05 0.0034395543658434224 0.0017182672845450497 0.028134161275687353 8.107596855211341e-05 0.0008034185138221517 7.266809422912246e-05 0.0002652572866532754 6.172486830757773e-05 0.001076109762441435 0.00015268731064665975 0.0015100078071744738 0.00016833113721104187 0.0018333465012166927
0.0007030082294151585 2.1118093009309113e-05 0.0006642871822984953 2.416328070986573e-05 0.00010360203124304412 0.0011408200844879035 0.00035069854495939357 0.0016064695976582 0.01080212771683109 0.0010389505610709504 2.836867789812736e-05 0.0012173854850363597 0.011408940638262921 0.00034285139760359407 0.006027700471526787 0.000872728773840703 0.0037190313053192536 0.0007321610870599793 0.0006378924935688257 0.00031284819167831657 0.0033944578366560396 0.0019716406422978228 0.00044311201413704815 1.556952310410864e-06 0.3492277110780499 0.0015860888897553105 0.0006853168388567532 0.00025706931429669844 8.298456643929253e-05 0.0006136331261299421 1.3997313511815435e-05 0.0004174497615907491 5.497019615374743e-05 0.00043274789820391124 0.00025319315904925865 6.478292891931581e-05 0.0002716685074598546 0.00011482601252454927 0.00019256652207977343 0.00010689469914182403
2.0972144298969653e-07 0.000392072540942201 2.0621773733076054e-08 0.00042955254641752205 0.00012988699467575415 0.0010589710520864104 0.0022452207157197535 0.0009805350457083861 0.0009325355290135118 0.0026467496882530694 0.00027923120656603295 0.0009868702524139517 2.3423976650338574e-05 0.0026535636480835567 0.0006785955976147395 0.006065784242024863 0.001776401899897695 0.0036752698063445832 0.000306063476516627 0.0014342316986105663 0.002972437446708609 0.0054300598617265106 1.997472562242919e-06 0.0020964513165149246 0.0015860888897553105 0.44721727021736957 5.05053840216263e-05 0.0016259450803071118 0.00030502769807150276 0.0030177172845335942 0.0010796351487045719 0.009390952560308197 0.0001078007738811726 6.816143772536698e-05 4.116060237024932e-05 0.0006450838309317586 0.00016057812518111003 0.0017685094905730558 0.00014691236524588813 0.0013281314301893943
0.0019088794821454647 0.002827125661906682 0.002011853817838083 0.0028392845357165797 0.015945591540458937 0.029423330896070188 0.015642193293620155 0.02907326153621692 0.017459687921569156 0.028867447383536526 0.01715141685372079 0.02855597655724318 0.04392056273705358 0.032734912429069674 0.0027257503243954817 0.00032259170094506295 0.003177361771382947 0.000317793920230347 5.6032922192805756e-05 0.0009082025298527974 5.633358806012012e-05 0.0009079650467320732 0.0009870666049486276 2.926881629372602e-05 0.0006853168388567532 5.05053840216263e-05 0.44961373901918245 0.10266727403084919 0.00937459494261672 0.013268063168737632 0.01490114238146556 0.015349897728747175 0.011734364788817953 0.01509136147320822 0.012130938780433698 0.015138989033548267 0.00014679324410526995 0.0005211663860082982 0.0004638295391807823 0.00032703139004008897
0.0007513394784299798 0.003981503239084749 0.0007671668174150659 0.004591952303072966 0.01209257321240198 0.017936677798346734 0.01218318982292188 0.01741520234278382 0.012071118295984729 0.017734424046508712 0.011716700149503101 0.017437057929855726 0.01874920214360687 0.044071308325625 1.4424499678256097e-05 0.012267703247545114 5.529705624063297e-06 0.015410241817902293 6.606362417782563e-05 0.0027234556989770287 4.952428402194009e-05 0.0027307020695095385 0.0003257261610110085 0.0034395543658432004 0.00025706931429669844 0.0016259450803073339 0.10266727403084919 0.6841418266490821 0.012438100956101206 2.2574246027140532e-05 0.012306492197302621 0.002297915324928068 0.012616577011120844 0.00015253124577285782 0.012538490600513041 0.00022769224746865824 0.001968414413931474 0.0017575744535888171 0.001373557994149066 0.0001644026894652706
0.0015552270725864847 0.0033404981721122384 0.0015938750725787987 0.003344507442289868 0.026162775048817366 0.03828652577840552 0.028052320572960143 0.04065302537467508 0.02955488368476278 0.04113054622150658 0.03159128957268709 0.04055042475526838 0.013792680217024955 0.024938105627305363 0.002568978112444942 0.0012641875828141025 0.0012890215295263685 0.0013954846446962987 0.00013710746400297236 0.0002214092829858627 7.909023478147592e-05 0.00038997869834134224 0.0007141658388030159 0.0017182672845450497 8.29845664391815e-05 0.00030502769807150276 0.00937459494261672 0.012438100956101206 0.415558872192015 0.1300847268696913 0.02009844075315015 0.017780578188552942 0.016558553640167673 0.015718961647980034 0.017232397895319607 0.01578841511793594 0.0020125623910277612 0.00033390685267831177 0.0006648293859179422 0.0013717179171283123
0.0006307613504699106 0.0016315910882459539 0.0006906560813374485 0.0018142568124496217 0.012016471369446391 0.02505938229347282 0.016290871792347783 0.026793708465889132 0.017047714648274592 0.02789936796377801 0.015303026635881345 0.029913755414833876 0.009612934809617002 0.01166264452132304 0.0009425174549027027 0.006821991132339278 0.0003041803460803738 0.00011545802238632774 0.0005972175444757255 0.00010744464004286414 3.0658530236538084e-05 0.0008514599504245712 0.0007532805890111405 0.028134161275687353 0.0006136331261299421 0.0030177172845338163 0.013268063168737632 2.2574246027140532e-05 0.1300847268696913 0.669344473588701 0.014861727956589021 0.0036327999097178765 0.014317164175061459 0.0009041213538536486 0.014176023982137353 0.0016709886589536538 0.0007471406827523897 0.001578157471309738 0.0020864187850041516 0.002151763931139361
0.002061774719342213 0.004416352653485389 0.0020623196865208193 0.0043918250219063815 0.03565266937803946 0.053098137175608295 0.0349500257855464 0.050559923475851254 0.036757235857658 0.0514732257353544 0.03501493132710509 0.051595550642243415 0.02157554327773825 0.032429579773791684 0.0009487585312007996 0.00099747563727004 0.0022915159956646836 0.0009296474643243346 0.00015562240323252485 0.0002618779816532246 0.00011081062630624583 0.0002636420851285237 0.00018758130506979498 8.107596855222443e-05 1.3997313511815435e-05 0.0010796351487045719 0.01490114238146556 0.012306492197302621 0.02009844075315015 0.014861727956589021 0.43974077918252197 0.2272773058319807 0.023470253334442304 0.017610194939163826 0.023672776380598948 0.01802123865930283 0.0009106086265435742 0.0019497983413362396 0.0023099204657189842 0.000693042151590606
0.0012652119278564466 0.003885387022846465 0.0012349002184116609 0.003485374226919302 0.025966402038059222 0.03893428802067622 0.021305996928133064 0.03804184051457815 0.023261044879535397 0.03977005689724644 0.02476779715153743 0.0379920199963355 0.014929262200941595 0.02461002559770753 0.0002935674689910073 0.00044410026725005824 0.0008079045876734359 0.010887581620280695 1.1407404705288116e-05 8.84899192801214e-05 0.0005801508076734851 3.072809566240231e-06 0.0002092513307273558 0.0008034185138221517 0.0004174497615907491 0.009390952560308197 0.015349897728747175 0.002297915324928068 0.017780578188552942 0.0036327999097178765 0.2272773058319807 0.5990932331346033 0.019386797589840743 0.006616609188737854 0.019846628466830163 0.005779655975592712 0.0028855476019284954 0.002932828140251753 0.0013390247004151368 0.0011195233879136568
0.0017089839296473563 0.003923040084937601 0.0016966702771006315 0.003859828934599796 0.03658374988189972 0.04658717237509746 0.029817722409809955 0.04624236190530484 0.032290346281294235 0.04668754182072643 0.030730726745509918 0.04393868543192525 0.017235534116710527 0.02892413499543034 0.000998406243708505 0.0015706555811203504 0.001066657974638452 0.0012325203431804432 0.003082195385363029 0.0005785740124552019 0.00023674275913987408 0.0003200403116891959 0.00020627900213265882 7.266809422912246e-05 5.497019615374743e-05 0.0001078007738811726 0.011734364788817842 0.012616577011120844 0.016558553640167673 0.014317164175061237 0.023470253334442304 0.019386797589840743 0.4265955724209253 0.1731468306405769 0.02002251868943805 0.01718577394514087 0.0012394491939221597 0.0010978168098367824 0.0010910869988486338 0.0011810763770410126
0.0011399047995599432 0.002277134665006786 0.0010508365565324862 0.001968224747505243 0.016311210326261705 0.03683985167698545 0.02083963611363937 0.02989074701948291 0.02074958348588596 0.032039636453304654 0.015840174574291543 0.03065274067067314 0.012226211110085483 0.015492821987366456 0.0021395488958466657 0.00039711915343199067 0.00019259776317115396 7.343245095925433e-05 9.806063057116177e-07 0.06441246225148967 8.13497705021149e-06 0.00012918590808519426 1.722871988663055e-05 0.0002652572866532754 0.00043274789820391124 6.816143772536698e-05 0.01509136147320822 0.00015253124577285782 0.015718961647980034 0.0009041213538536486 0.017610194939164048 0.006616609188737854 0.1731468306405769 0.642525634550781 0.017052506660226507 0.0026792660539167734 0.0017193129719299538 0.00024039282382193328 0.002082832160942627 0.0005209057880583012
0.0017102582887876805 0.004014972174729903 0.0017287135511311336 0.004009276754628588 0.031602683432873535 0.04836556587470697 0.03663921041376805 0.04665112197352472 0.03128993457743756 0.04472273900653889 0.03139285497578137 0.04683591109505425 0.018080999533300446 0.02939217514451753 0.001040004008816653 0.0011253173558524177 0.0007076171566426925 0.0017344631941524913 0.00020424681233977005 0.00031717109875206706 0.003471480913089353 0.000894152549761773 0.00018785880575111769 6.172486830757773e-05 0.0002531931590494807 4.116060237024932e-05 0.012130938780433698 0.012538490600513041 0.017232397895319607 0.014176023982137353 0.023672776380598948 0.019846628466830163 0.02002251868943805 0.017052506660226507 0.42450911717561934 0.17731635861425377 0.0009943156822525001 0.0013909301717731637 0.0007501570040377992 0.0016621966462043725
0.0011580082113930024 0.0021312778446112013 0.0012533427832880362 0.0021507491746944885 0.022428717772348783 0.031596024275327705 0.016104996508989666 0.03644355498373164 0.015707031566276175 0.030947990845565654 0.020628321598227473 0.031066177117231808 0.01195465964525777 0.016004891755381667 0.00012815409391286892 0.00010414531908475855 0.002627974102812125 8.220975566963773e-07 1.830061175667197e-05 0.00029468144156263865 2.0641451192737748e-07 0.07938199007548508 0.0003544498054961487 0.001076109762441435 6.478292891931581e-05 0.0006450838309317586 0.015138989033548267 0.00022769224746865824 0.01578841511793616 0.0016709886589536538 0.01802123865930305 0.005779655975592712 0.01718577394514087 0.0026792660539167734 0.17731635861425377 0.6399429121044824 0.0022188493571041468 0.0010056747650933895 0.002571267535549482 0.0024372261952108065
0.0003654882417803984 0.00017824405887739703 0.0004143567370449852 0.0002300246957305241 0.002153084900348823 0.003971336008593895 0.001978272405971926 0.0038627309158071332 0.0028073385943510054 0.0038505852235429794 0.0023024531240882773 0.0038317667280576284 0.0044353052866098475 0.0028080231635888575 0.00041582473069545767 2.2699654475932807e-05 0.0004276825132487616 2.4283522754409148e-05 0.00032419937622968353 5.184186855478057e-05 0.000355791922186266 7.788550996612464e-05 0.0002424041374644581 0.00015268731064665975 0.0002716685074599101 0.00016057812518111003 0.00014679324410526995 0.001968414413931474 0.0020125623910277612 0.0007471406827523897 0.0009106086265435742 0.0028855476019284954 0.0012394491939221597 0.0017193129719299538 0.0009943156822525001 0.0022188493571041468 0.11892657386033659 0.0013487766408954993 5.713891899655765e-06 0.0003104598421767024
3.5542040596192592e-06 0.0003614224749375339 1.9698867925743713e-07 0.0004187826150586771 0.0012293247256360829 0.001716847486683215 0.0010587624970295195 0.0016905352107202676 0.0009419880921388568 0.001838557066559554 0.0008800214077016033 0.0017883846303429207 0.0007592381747260069 0.001989733626886925 9.717641802353683e-09 0.0006678250946047237 5.157530835742108e-07 0.0007395912833184637 6.971508126185633e-05 0.0016007701435098998 7.848637978769002e-05 0.002242992978992442 0.00011393529695180593 0.0015100078071744738 0.00011482601252454927 0.0017685094905730558 0.0005211663860082982 0.0017575744535890392 0.00033390685267831177 0.001578157471309738 0.0019497983413364617 0.002932828140251753 0.0010978168098367824 0.00024039282382215532 0.0013909301717731637 0.0010056747650935005 0.0013487766408954993 0.30650303011066515 0.00031479380663912426 0.0005742755577771153
0.0003884889096802402 0.0002350374887274409 0.0003611991468794318 0.00018053308318577432 0.0021126965731159686 0.003988174700821356 0.002259614967275003 0.003941807736632663 0.0024212132783762996 0.0038846176259853538 0.0027846362770934663 0.0038625508087659632 0.004024043314275194 0.0028301779271534544 0.00038528767956669263 2.0169976581163596e-05 0.0004058211769520925 2.73331792062792e-05 0.00033333622717851563 8.360363762788259e-05 0.0002964232839697267 5.2836041237069864e-05 0.00026250309762532176 0.00016833113721104187 0.00019256652207982894 0.00014691236524588813 0.0004638295391807823 0.001373557994149066 0.0006648293859179422 0.0020864187850041516 0.0023099204657189842 0.0013390247004151368 0.0010910869988486338 0.002082832160942627 0.0007501570040377992 0.002571267535549482 5.713891899655765e-06 0.00031479380663912426 0.11483138448118556 0.0013234541766136698
1.6328894791861615e-07 0.0003894799060507048 3.232554034449109e-06 0.00036784851140780894 0.0011352995003257593 0.0017028530833942401 0.0011495093403817158 0.001706135545253007 0.0008705808872335741 0.0017897710509147124 0.0009197159350206041 0.0018209961959900767 0.0007542734882689528 0.0019129030364305466 1.75160889792636e-07 0.0007008064840551276 1.9517697535942347e-07 0.0006791586228320767 7.939495684250453e-05 0.0021390241550511835 6.434765880425353e-05 0.0015638399622589505 0.0001200664994632783 0.0018333465012166927 0.00010689469914182403 0.0013281314301893943 0.00032703139004008897 0.0001644026894652706 0.0013717179171283123 0.002151763931139361 0.000693042151590606 0.0011195233879136568 0.0011810763770410126 0.0005209057880583012 0.0016621966462043725 0.0024372261952108065 0.0003104598421767024 0.0005742755577771153 0.0013234541766136698 0.3020087248371806
